dimwishlist:item=534775659&perks=3661387068,3868766766,1570042021,1754714824
dimwishlist:item=534775659&perks=3661387068,3868766766,1570042021,1799762209
dimwishlist:item=534775659&perks=1840239774,3868766766,2779035018,1427256713
dimwishlist:item=1621558458&perks=3661387068,1561002382,2946784966,2458213969
dimwishlist:item=3616586446&perks=202670084,791862061,3300816228,1546637391
dimwishlist:item=3473290087&perks=839105230,1087426260,3400784728,1546637391
dimwishlist:item=2742490609&perks=1840239774,106909392,2779035018,1683379515
dimwishlist:item=2742490609&perks=1840239774,106909392,1359896290,2846385770
dimwishlist:item=4281371574&perks=1840239774,3142289711,1820235745,3824105627
dimwishlist:item=304659313&perks=981914802,3032599245,3161816588,960810156
dimwishlist:item=304659313&perks=981914802,3032599245,3161816588,960810156
